303283   20198025  11 20211731   11 20200875  14  20207732   13  20193794   11 20184087  18  20211011   15  20212521  12
604346  20193794  12  20211731   10  20191956   14  20211011  13  20212521 11  20214468  12
808313   20198025  13   20191956   12  20207732   14  20211731   8  20215105  12 20200875  18   20216707  10  20206035   14
808212  20211011   11  20207732   15  20215105  15  20211731   10 20184087  14  20206035   13    20212521  8   20214468 15
707204   20215105  13 20211731   12  20184087 12  20200875  12  20216707  8  20193794 9  20209352   14
755239   20214468  12  20198025  7 20191956   10   20193794  11  20193402   13
303313   20215105  15  20214468  13  20209352   13  20200875  15 20184087  13  20206035   11
755639  20206035    10  20184087  11 20209352   9  20193402   14  20207732  18
755248   20215105  12 20209352   11 20191956   11  20193794  12   20193402  16
405361  20207732  14  20206035    12  20216707   14   20214468  18 20193794 15  20193402  15
